0.43041296479343805,0.9886656588562923,0.7992721167267691,0.33363743296001824,1
0.7465470075461891,0.5596737208723759,0.7443621632681167,0.7352442860534584,1
0.4616255681716036,0.5366740439456236,0.5905495768869781,0.20584869354354207,1
0.5320973741455896,0.3696330149620033,0.5648153201920214,0.4436825389834612,1
0.07035502555182893,0.6633215337465834,0.018343038878579687,0.8750744560427278,1
0.07217294086667636,0.719808609148821,0.930024977215464,0.998963300634667,0
0.49290174429377676,0.20034362536819428,0.638250592775629,0.9814980311938736,1
0.39816970427093534,0.5343367065939212,0.16093803295045717,0.22325101338438447,0
0.20675744608232927,0.9013014351207862,0.1357408270515862,0.2780477109391939,0
0.185895739990122,0.2078990122642358,0.9046701992179115,0.7070852963479847,1
0.8013330677775339,0.1133979869885503,0.16759567951663312,0.5565427430538948,1
0.49354292908974096,0.49980042885421117,0.6311036577983273,0.5223439100835401,1
0.6347750046512382,0.6718996358630607,0.26142528629965234,0.7241944841908331,0
0.9669631825157794,0.7431596343474337,0.8719504819966081,0.5101453678164567,1
0.05842705917422564,0.2893993299539107,0.5543196508948548,0.6101341900427097,1
0.906492788777737,0.12067781721985005,0.7268573339733041,0.6544399976278207,0
0.6565846381799209,0.6083880965517303,0.34826194837428204,0.2002952056026034,1
0.833945413508376,0.30235385207402,0.4717969143277807,0.44591027389035365,0
0.4649211302706501,0.8591546909824876,0.4814854488690584,0.6924719827677581,1
0.3751512052435554,0.0141732306433634,0.3822264401762764,0.3096806273353514,1
0.7863928171877476,0.22800795186962142,0.36590690204479603,0.40300165446546354,0
0.8052734254734711,0.9733762715058253,0.16220126400583157,0.49537400924237207,1
0.6319672885667171,0.3977027493373837,0.6900327845853067,0.1503130780576193,1
0.09885536927471728,0.1758760524470615,0.1854924159921526,0.4483789679844734,1
0.5461487237089055,0.9535132996519771,0.7275676203971455,0.4986450725736843,0
0.677784289513717,0.6658478122987777,0.42616657629159926,0.9561883693301721,0
0.5417584559653507,0.04242118382249549,0.47625808683884807,0.8072528487450933,1
0.9633501429709517,0.6136986468825473,0.7070428477637498,0.943842697847215,1
0.007954312433911537,0.41088885498096106,0.338306097764589,0.07297148392779618,1
0.28363694552245833,0.1447690339358355,0.9259923980037467,0.6014510879558939,1
0.4237159711536318,0.7431784207020348,0.455030615197609,0.021844481176448105,0
0.46604047312358876,0.21818240971511904,0.35941181271494704,0.6123111259353643,0
0.6146353533651788,0.4991423559384772,0.8006058603725984,0.5441041532361545,0
0.13805707539220669,0.7076307108700463,0.23844117962097455,0.48714206754500855,0
0.6820866984440901,0.3114936143236492,0.8054547010417646,0.07687388220468394,1
0.26075434905388695,0.6010772658263018,0.750900295551202,0.9171177338424261,0
0.847652257842914,0.7547145835807519,0.6901222761237851,0.38480312210894263,0
0.19814537549775502,0.2564644721275633,0.17469070874374493,0.5657497492796528,0
0.06552013280076874,0.5356708442012103,0.1971830570066584,0.5795186602768618,1
0.7629010235389566,0.7918207375523691,0.9456037292115691,0.5113642596831678,1
0.8897305293960107,0.8660603768371192,0.5202911696851256,0.5370351710061342,1
0.1814090211681102,0.38691310652523625,0.686488616641346,0.9063370406049739,1
0.3522915871839257,0.3380388315656513,0.5388323750307085,0.5256275831061609,1
0.20481082736756806,0.22454383616228812,0.37012058230847444,0.19965096464761212,1
0.06469322572414016,0.236687129524635,0.44167299752925515,0.28607502229905457,1
0.14969466911774532,0.5666428687831209,0.5546181565914624,0.4950778024669562,1
0.8316257377494414,0.14866332679597027,0.9791748182506295,0.7872826343690759,0
0.8206069511364614,0.6952873334922405,0.4582668050869362,0.3382585928648729,1
0.6993270346875686,0.10477155100442004,0.9488689632929757,0.5003264372503389,0
0.32897909719708496,0.6188763269118702,0.8700848012813425,0.8584150267239017,0
0.3774354188385406,0.202483883849371,0.4181531693691035,0.8893750595944745,0
0.09949701962562951,0.046196249042294135,0.9401446486832106,0.8714860199242183,1
0.4917176176774243,0.5902285066262802,0.9446052120270838,0.4411912380891293,1
0.21698312504367678,0.5298390904607677,0.8138387807003811,0.9092483857512896,0
0.9002792427106066,0.5079463914007238,0.6761028937297423,0.693107724139981,1
0.24777709077657306,0.7269753032338429,0.22681175761843841,0.164338342665183,0
0.39080493435277774,0.01044787807380343,0.8500312724812895,0.19592617869644635,0
0.017467526124968824,0.2905586010601364,0.6646836507569347,0.5568914798465323,1
0.47624116604999733,0.26865766341095054,0.554203208440843,0.6983153041985934,1
0.6037321569705714,0.1546377397505636,0.06317726414183389,0.24769529759576314,0
0.23790312667688107,0.5194790424388955,0.8713629341139861,0.3526495717212119,1
0.14254961993763826,0.09307394911355227,0.5257094141300547,0.1701793174190206,0
0.9311511551529539,0.3359354636000246,0.08732048872759657,0.6060344671685518,1
0.45713838479475055,0.639080053036669,0.7046534509321711,0.9285689747178217,0
0.39624578532349863,0.2660058836036322,0.7641837179105611,0.08961327237980665,0
0.20041955273181022,0.37920267537428,0.07584271633704143,0.4670821022490339,1
0.4599345034948359,0.10975465899039771,0.9766175823902586,0.5994035015921555,1
0.04665904890843886,0.26221837784947144,0.4512643739734249,0.23700737565040586,1
0.8945025613405754,0.5412792079829222,0.5668547638371851,0.32415680645019584,0
0.8734789532230083,0.5988984162850546,0.7860705854246979,0.4887261403175507,0
0.1215015599682463,0.3646746261470818,0.9371631818525609,0.6213607105926928,1
0.2662016668389403,0.43531737679826,0.22448761122801442,0.782340600848374,0
0.5266802048991159,0.4247066206145489,0.8641029506133845,0.9885276407905305,0
0.5642699487784844,0.013834889635575665,0.4956428524513138,0.9427260459727733,1
0.5879038964357897,0.0074844156811084694,0.30296311744107773,0.28897442082208946,0
0.06660360734808535,0.8006818835340476,0.5565956973600749,0.22605581676214737,1
0.8115527360560348,0.8274917013004479,0.5267631043995497,0.3806951306322519,0
0.5311282055552202,0.8272165954359674,0.322359646173049,0.490191235565164,1
0.46861734961374013,0.5331689829404314,0.14059881308344935,0.6868954925801954,1
0.965517335789552,0.30067907917384096,0.9167858588362843,0.9019337598756629,0
0.7534452940732225,0.8797116819957369,0.959320752463174,0.23673398177199168,0
0.13750421860743012,0.7620752251774608,0.17106488260924135,0.5217439782556234,1
0.10619250305932781,0.8778246416746115,0.11340462083061542,0.016994747352418016,0
0.06817780383315286,0.2686786983499737,0.3088945861618656,0.6786097303428931,0
0.4344398907134782,0.9309842499453718,0.9483733722686459,0.8618845791153561,0
0.8346783710963389,0.7601554464848513,0.7072544428715698,0.5385984664330669,1
0.08877095917603761,0.494286710620747,0.222454261144721,0.8593579132428515,0
0.285732883910916,0.8172899223465572,0.9147097861499218,0.3278453511910526,1
0.7118610698052171,0.29424641187158973,0.3750312160143857,0.1510687024833407,0
0.013869966595486116,0.24493413048135726,0.13682591485844608,0.9050608514064277,0
0.5936882486239655,0.6493703665115402,0.19981991342452954,0.9485072838547282,0
0.7375075296548017,0.12301970243086424,0.7527764172205519,0.4957813954513749,1
0.5347760536234725,0.3253920990281127,0.4519596586002772,0.18336833184124635,0
0.4077477276667878,0.3425311328462016,0.14618484438053947,0.44272028981566347,1
0.3315276421192306,0.5533224992742299,0.5109243738229758,0.8946155116340858,0
0.41422828687637636,0.018672685726335958,0.8268788533489901,0.6025587031360269,1
0.7143930990838508,0.8858945322109045,0.24154502582987247,0.218976426178626,1
0.52779042369051,0.07716102285380921,0.07335562092494496,0.2583924086874382,0
0.9330666357828047,0.3811742063131506,0.02363768983507597,0.831333365218347,1
0.2747210992432171,0.38799883109205635,0.32477195892471755,0.4725240090997954,1
0.23644679695175874,0.13514141242417532,0.788685455067855,0.8904118365128815,1
0.638030373421184,0.3731168122601233,0.3157642049788485,0.31916920412592575,0
0.7893187912713693,0.7440414495782347,0.2866609190868401,0.6863692895984594,0
0.944126524545084,0.38101706828607285,0.11155159412129956,0.9416408727651097,1
0.2588683773706415,0.4359614734002689,0.9357671616993798,0.39123177799977016,0
0.48625824838128495,0.7931128128550147,0.3911274803320447,0.9748514920154318,1
0.0035924180329666155,0.7505344265945685,0.7072998679073051,0.7216100024246487,0
0.07489355968889122,0.2501705744839756,0.541745925684165,0.4336173009434551,0
0.32465632209427986,0.9681724886882535,0.3172471761754344,0.6986782972238823,1
0.011725279257999377,0.5397733496532585,0.4229934833261918,0.4402798592727427,0
0.20111269083418803,0.018910084613120492,0.26075085122951525,0.6605790949892794,0
0.38128073064715295,0.7333052006711616,0.19528091660855318,0.8417923843854935,1
0.1906630847924451,0.13311679981553493,0.6090916269278539,0.31839995715194636,0
0.6737848083944865,0.7626160704500666,0.8251409556015039,0.9179713506485715,1
0.35053865800150974,0.2707931996031737,0.27133554586707653,0.5540879426437224,0
0.7371963279895363,0.37438496573504143,0.9203348087604585,9.931523562358713E-4,1
0.14708179023530432,0.10034365054342498,0.0019430896878304127,0.018962623607444717,1
0.21113104579680264,0.7327099119679986,0.07513413599159813,0.3394405182124224,0
0.19866092816304737,0.5615445286974817,0.7491031419680869,0.6095329488144172,0
0.9476358520157906,0.8542555813472141,0.35773664508269176,0.6242803617050801,0
0.47374512085829534,0.7892815981522044,0.16436981295683784,0.7427190567141895,1
0.9172645631855206,0.6396201122936371,0.24418468605732735,0.6578812023397227,0
0.9612971818570731,0.6153323737913059,0.02577559019246456,0.7869663843467581,0
0.9502671699218845,0.48023719003202314,0.9532724419925984,0.6736193755583649,0
0.10787868726893035,0.6159003852331089,0.6957674953452901,0.6140633287896863,0
0.7161182306086922,0.5752338484238487,0.6503850640271903,0.5421371640845356,1
0.746466417645797,0.1068927561153713,0.1794174141990692,0.45198182440057033,0
0.8955498938001819,0.39265321682390175,0.33657310433725274,0.32351304777570156,0
0.651521258492518,0.03630602142840966,0.785271838473937,0.8772222238796462,0
0.6714150253527329,0.5680662724498156,0.8050418389784189,0.4828560070263077,0
0.15055084589477563,0.1675804603486739,0.7557638520131497,0.21591234126473713,0
0.41755973796143897,0.8898148315921935,0.48591429797521724,0.06379910340584682,0
0.7014547867230964,0.8845448588094383,0.528572371558345,0.6509319189246845,1
0.5045205934856721,0.7084995038705656,0.30261347749470935,0.3542128071580535,1
0.8054716048492944,0.03370314436361466,0.1772179055565205,0.8909620323908415,1
0.9709511762978466,0.9896060103485637,0.022186957648743788,0.8501122203492818,0
0.7381458106748039,0.5943581460520408,0.3523126321914245,0.06346167327571339,1
0.39273036552365237,0.45307305311302015,0.6379950765881647,0.6747840728180742,1
0.5592579157378684,0.3393234581020943,0.32054904117411154,0.6362829489671092,1
0.8325877903032306,0.8020825261504093,0.9959030644560486,0.7744624504836038,1
0.4624641490166175,0.40319310287764554,0.9480862704661867,0.16340603247881613,0
0.017229268700086897,0.20424449036366732,0.1800709215482843,0.3712551337960538,1
0.09489629659868248,0.8528957365149088,0.64147323460225,0.31505598133013124,1
0.6835982052843816,0.1803537531024605,0.33063329852519774,0.7564758250448222,1
0.20963095081387517,0.43385677790937727,0.1687382677119479,0.05965313703392583,1
0.4498180089343137,0.5809288272994146,0.678543636978042,0.5971513452156985,0
0.8488092240505851,0.7709967031680175,0.7469732675016889,0.1545718539012253,0
0.7633912045489223,0.14404164847459633,0.3188553305561288,0.11922202933528203,0
0.6765331294453196,0.20704836723362008,0.46570475387948984,0.4539888159698251,0
0.46310653214948405,0.2583518070032388,0.7840492284756444,0.669213937987828,1
0.7413458262820888,0.6101148738266752,0.5289765717733115,0.2158063124303654,0
0.40029700639721266,0.8864892193168944,0.7903925323445732,0.3373666251517342,1
0.15215579281297875,0.933339620218641,0.14625507809769334,0.8680083692301417,1
0.5908545090089828,0.2752130031321005,0.2726606973912301,0.6965631644328085,1
0.8740399930385617,0.8398707316148342,0.27179864066695103,0.2846443207049115,1
0.9371706721723627,0.023312758367556197,0.39490304351635586,0.5278401696734498,1
0.5924374953626593,0.28022102174584207,0.04422196151020019,0.6618436373229714,1
0.9368889397924915,0.6503621753050638,0.5875940168281708,0.6675596447056941,1
0.8718559150545028,0.6963713193526511,0.13598023783720914,0.5096671215156552,0
0.10854895876975323,0.42457290959019567,0.3897780608423237,0.07132380808720418,1
0.9783522574792998,0.3648873602695236,0.6588326928429157,0.1747309092234164,1
0.6706070504762446,0.4878108366517083,0.1178038565231333,0.32762803617681535,0
0.8211945145154048,0.13640732663145838,0.3341484081955195,0.3682439846836325,0
0.5569010977046406,0.11908481948666094,0.5869192374973173,0.8118420982574628,0
0.25276715601306343,0.07628675054825207,0.9069811748260447,0.572944576489942,1
0.5917609705539156,0.31003856964241516,0.5773924564123407,0.4842164820735151,1
0.17415538426081278,0.5613375809263086,0.18599248320036077,0.256391432782742,0
0.2832313174367769,0.02835178871645949,0.24549950216609417,0.298846857830662,1
0.42018478228542955,0.3464425279784181,0.07623158498569027,0.9644241539296184,0
0.01365304691846958,0.0746735770557484,0.1093291151307566,0.0438281909008823,1
0.3069680566211602,0.7938527891786389,0.19605237691307753,0.3434748353549829,0
0.4570763012417003,0.21941739998324727,0.06970648853052552,0.36598233562865656,1
0.32760758722628547,0.2690616220580112,0.17778364972580896,0.7565793023571805,0
0.6034889473417231,0.4624539530213444,0.035254181894973424,0.8796421885400568,1
0.8429345132339287,0.3231516664634918,0.7985965090312068,0.01097735305879366,1
0.32955789304179006,0.6113590508404169,0.2507840083496635,0.5217378385014703,1
0.856117906370113,0.5300445619513894,0.5571400092117417,0.9126813192998314,1
0.21515380231418757,0.7416592643628119,0.6114207419045448,0.14033782264192052,1
0.20781180668239752,0.4986727645830228,0.1723931343488987,0.7672511285034769,0
0.9906578680297812,0.8985544696808858,0.32016576305390154,0.19672362590244064,1
0.8667154641875433,0.5150831631177563,0.9696465206688708,0.6029178376726471,1
0.0845288890912057,0.5284714562348053,0.11643904976710484,0.5491747502315987,1
0.6507156751766368,0.8568389843682156,0.44779148536782654,0.13013654639749517,1
0.7366538351073912,0.349597224339532,0.2842203848509637,0.30013602860881794,0
0.898935722859875,0.5599343105141319,0.24668606799833814,0.32632069126880137,1
0.522662964042757,0.2639544872613899,0.9973873893817977,0.32233368073458635,1
0.3774469476386537,0.17640270311536355,0.07671680597205066,0.26958544102806514,1
0.34130435959585415,0.7886174702178168,0.8694187309053821,0.1294725259932784,1
0.6632113041020621,0.5904147172673797,0.7775447267393393,0.038227666917280634,0
0.936912747959345,0.12700705720592087,0.8939114069258526,0.09016479674971023,1
0.4082967964462444,0.39190517796084534,0.999240302295439,0.8616440982179825,1
0.971699105455362,0.2790193204317778,0.15937396393842784,0.9906363644435258,1
0.13525673130717586,0.045359610937247385,0.992681157879281,0.9869901144144857,1
0.7637817164776372,0.08651969536831094,0.47610685191393354,0.3356690048584895,0
0.2360243982478798,0.01938890083508027,0.310053997518864,0.619900745626711,0
0.41009903518022284,0.11343281264840821,0.9480787084684053,0.0059829856202068266,0
0.6231872830411521,0.9506108207466542,0.3801888263120189,0.21630525809441858,1
0.6604908369873236,0.24118867553472145,0.053215280758673655,0.43838398199379414,0
0.24407321132439752,0.2396626680110785,0.8007384385062427,0.5304644236647779,1
0.08049744101441969,0.9712244295979335,0.32314573899190613,0.7758757452305122,1
0.4351124546117586,0.6549610049674462,0.8289051601017805,0.5730078582150283,0
0.7592950373991196,0.8693197419531049,0.47811099452896333,0.6851038348285005,0
0.05850330614442589,0.37548006426989844,0.0804006650270479,0.7938199672566859,0
0.17511795363733695,0.5783100799892835,0.9476289283379624,0.5026491631383352,0
0.30768433838406395,0.9066352792230777,0.6402260490831821,0.6460809604127038,0
0.032202867969105875,0.8065308790668139,0.909536165208965,0.27702022447978336,1
0.6476648665470738,0.39009670885710146,0.6601422457625429,0.3900615726942056,1
0.2887408246652742,0.18233244681773408,0.8824306431143978,0.8452052272426435,1
0.3529033961860262,0.8350485395159788,0.31230232707920214,0.8239795193776253,1
0.7177941381664166,0.26904060671862695,0.491364247261603,0.3598777738916099,0
0.14867672767277818,0.5547651720533787,0.6719208267924519,0.8760982819520903,0
0.9377869310338136,0.8887364788062001,0.5925394818336992,0.8869653696083545,1
0.3930786363317562,0.5966835428334906,0.7783133105909776,0.44728140230983926,1
0.6120441290480584,0.2565626579387563,0.02941610999809674,0.9009811472313031,1
0.8451747538878926,0.5749774208779429,0.44657634905497356,0.8311547604579216,0
0.5891898169993529,0.806484277347059,0.31748445036035955,0.9192692662024421,0
0.05357491243091561,0.02447077988042512,0.25960810136681445,0.4028871485684624,1
0.9435213449375982,0.6050280154984903,0.9080622565594043,0.3441793871983666,0
0.5706795993765074,0.20552999987140552,0.47441787552580816,0.188033392248402,0
0.8926180510427284,0.9687934513499791,0.1360948660073218,0.3623876677760822,1
0.51323300654172,0.9381399843141018,0.6491337874998806,0.20685135006925925,0
0.024063784520491294,0.2852222201220225,0.48286235565690816,0.17239288854833223,1
0.2903290879776387,0.35381594945985895,0.6621501176232516,0.4033556385705277,0
0.5493408522057628,0.3149646421112221,0.038619155240742886,0.1410777438522789,0
0.5798416902207123,0.4350532802823911,0.7509776614989767,0.594296285462443,0
0.7342828823579578,0.2641226724985496,0.5299818156049635,0.44810414726102477,1
0.9604933471656115,0.7768799213073045,0.9683900807611525,0.6332595978049897,1
0.6163386936291517,0.26419521741538887,0.62399685546168,0.026650558720954787,1
0.23281471985091529,0.3273253202310238,0.7740247570895983,0.5874070414699333,1
0.08029771128273933,0.796581310801941,0.4536854274926422,0.10039505092797141,0
0.5802019562743183,0.5595556287588487,0.44795778514685325,0.8986660731714611,0
0.5692653028488938,0.20072865696390896,0.6310507477768592,0.7221305756622227,0
0.2520296359355636,0.3198976220198758,0.5145935241954128,0.9837707268497957,1
0.9861745125191367,0.5584646346058715,0.8679471633778841,0.9704776878346327,1
0.7639149369935242,0.06776628330212586,0.15406859635883596,0.8443625761714233,1
0.1948446227368934,0.045007934836674424,0.7766128670376696,0.7426156189666604,1
0.38391873191243264,0.18551658850598163,0.9302199913260832,0.2646473888278904,0
0.818965779414471,0.8317971668535361,0.9088468890649846,0.3208369605431901,0
0.870416102312621,0.5175711542919867,0.37270688547617126,0.7071783589867439,0
0.47789541860828877,0.6477469941412886,0.5431485604556578,0.17374767351789755,1
0.3203312224909025,0.1387241142602461,0.6617452140943503,0.21338625975725345,0
0.7088452919641591,0.5627702757869071,0.9735848900859796,0.2579084878547707,0
0.8177715152402976,0.3582067641119965,0.13016217969495625,0.04957284953618113,0
0.8530331437585316,0.9618663362592191,0.15400046147793545,0.6745156424653456,0
0.7332111222275791,0.0925931393723084,0.7363513064680987,0.3314805176239699,1
0.5778780325133283,0.3123300615759953,0.5697734895601064,0.4838098401950177,1
0.6767142271117229,0.46300524184755554,0.0861501475596057,0.14092581109054614,0
0.990347032618278,0.06384947576713762,0.14308042899346263,0.3958516187719392,0
0.843787851914298,0.1099831025262964,0.8704470879700228,0.7285398202445138,0
0.4679297500492312,0.23903139575535193,0.5067208516820779,0.4176543798709259,0
0.4046340041322486,0.621802891175669,0.9765110581904778,0.32882229685083164,1
0.6214470866688502,0.8831658600006252,0.770206808573282,0.3343315061465769,0
0.8462270018307605,0.4569708222527453,0.07013726006945387,0.9365695490622494,1
0.15428475562834887,0.09649042535523589,0.5186684171275001,0.14881176973027954,0
0.7746834627245053,0.3458777824210928,0.12323231782319988,0.9333273312786392,1
0.0382195288955296,0.7177573052005551,0.09057362854908346,0.2033165900701731,0
0.38436527892716277,0.1571956947265979,0.04096126234463193,0.7922358188179115,0
0.7713659122705847,0.30511435491803174,0.11305925740522449,0.795689074374336,1
0.8425548595974044,0.2760715911159679,0.061689852078452345,0.3230177886168384,0
0.3062420710626429,0.7260369368694275,0.04433846134362052,0.8028947260240865,1
0.7147003792732862,0.2037974501328409,0.27658133876186175,0.8769625373466707,1
0.870013369666594,0.1808625790509072,0.10431921917893627,0.9270513281002987,1
0.4176150134658966,0.7052148870483214,0.27717548832233163,0.0358357563889633,0
0.6590047042943428,0.12149565390228745,0.11306328810121502,0.9691476576287396,1
0.9949997530431935,0.4753232617024403,0.8497018582017144,0.33472568143078185,1
0.019830447054499323,0.5548559804482053,0.11546688005455852,0.9564605906215777,1
0.6756584375923601,0.15812152309866234,0.9632924927023415,0.9549180182410101,0
0.566722910479873,0.6526955894308929,0.39948155790907647,0.7929535893962553,0
0.7709610085338335,0.3686953552017126,0.3412337723293717,0.6295834405474415,1
0.3087872225320557,0.37405227763405824,0.4801960715358058,0.6284542195378513,0
0.633531205678715,0.9660359206177505,0.22833219889818013,0.4913820321738257,1
0.607794832310125,0.0728313229852755,0.5618721985694843,0.43977832836645736,1
0.5603296032365828,0.49180779430554533,0.3450984312571823,0.10192942518977466,0
0.917385849720281,0.41522747008132366,0.09191904839341292,0.8134706442278413,1
0.025122205769759987,0.7758005348390536,0.5842622247112028,0.48797057164903423,1
0.45550218370375484,0.9550674893144026,0.9875062253826793,0.6106809527934739,0
0.8238593286795115,0.1475657742807065,0.33414517311004044,0.46127465190827477,0
0.8609393631182365,0.39714680742579,0.1442209854047376,0.9978988159459848,1
0.31701533773369817,0.9628496351679007,0.30026642058970376,0.38032908961124867,0
0.5525426062702283,0.36673430524808515,0.6067320193704487,0.48991118968374847,1
0.5586363269100447,0.8961708197288318,0.9900500162585946,0.5708244635877129,1
0.21953676573329373,0.19286203406900015,0.8005739306269348,0.10419443620035385,0
0.11806370892427975,0.628342934028609,0.30000560189009573,0.3899183109451564,0
0.7151425376444052,0.5172614178132082,0.3678698127527913,0.9332106149509158,0
0.33275424023241906,0.36100143606427426,0.11468583742786598,0.4156188042344837,1
0.5447549078057178,0.40429362102675725,0.6043527920248721,0.8693859655520293,0
0.3927993591714708,0.03196865052243336,0.8615169240555727,0.7640505649288823,1
0.8006560483975864,0.5371593803128071,0.9128681918478511,0.13170906746569844,0
0.2864283275644892,0.5032389831709954,0.9834351996124658,0.7510992069955418,0
0.5562066516785621,0.7464013674385067,0.3950632587360092,0.40248253041987214,1
0.3428144729079955,0.41339580905388695,0.46245501391039423,0.29581274894376886,1
0.5860203592775046,0.6423381248157818,0.28695673961648205,0.557614135080543,0
0.4736404095775332,0.6932518037444325,0.8641458032848917,0.9250003491210372,0
0.3902772492561708,0.09086828989724005,0.5588890322916557,0.48896294281033637,0
0.3794394444740926,0.919400022829224,0.9319446531100839,0.4263674641186497,1
0.5893283402377058,0.71911601166855,0.9100194478424738,0.6214608571601795,1
0.5685340878630015,0.9309379208043531,0.24404858874192026,0.19339661152406862,1
0.5904589641367167,0.6168913552311258,0.22724597833999194,0.5513315232478322,0
0.24238587193297423,0.4783509840637503,0.7194908520407781,0.5680659188797745,1
0.5360272270395814,0.7962169989828667,0.8694687400698679,0.5583880928117044,1
0.8070642721440204,0.3409313263595841,0.29660303948265976,0.7439581417353407,1
0.5531800572180366,0.022455029778607027,0.30249338041614415,0.4419772906132835,0
0.05901751986701864,0.9122341509213894,0.11137009139033138,0.6499607140830946,1
0.32767793038809245,0.04191828829250954,0.09693919470550894,0.3788800967028272,1
0.945417418714173,0.126643699946408,0.9902400878370575,0.9891388277692276,0
0.5259472074576831,0.7808573666846903,0.6447746995132262,0.17396253852415977,0
0.5267474588515219,0.07013951560151888,0.23685274934598965,0.5321316961271563,1
0.8959735176284273,0.931050112550373,0.8666385199331001,0.35343352880595535,0
0.3255798172071017,0.5073123290128596,0.5369760921949615,0.5287665620691496,0
0.7253994721354051,0.23152838464709324,0.9605422186504172,0.8014948253441133,0
0.22114573444289698,0.5255374412035645,0.6725890683707656,0.18390529372981845,1
0.3550506581111872,0.5988227209785388,0.05678156796295686,0.8785397349139206,1
0.17478040842224796,0.5969138043432374,0.1597557057753355,0.2337956004122982,0
0.7600683675823576,0.20315961633073365,0.2594195382359914,0.9580828159115112,1
0.7735935086448859,0.3290715484764529,0.39459045815153104,0.11913652194605961,0
0.904391050470652,0.2983229192541976,0.4999795234351889,0.18784951262624727,0
0.3401075976742792,0.20658021095365886,0.6639677684862847,0.5336055095837738,1
0.08937125467543261,0.2550926249797817,0.3123612445867484,0.11146710869809884,1
0.9618118958661863,0.3217404432763953,0.786796672396793,0.3634993231173659,1
0.010035354291514142,0.023150462997953203,0.08748725131382862,0.211526204876882,1
0.5034892913795791,0.8897764872270421,0.43121209738360333,0.7067068263244841,0
0.9388106502861423,0.009686536097769705,0.20268245171488486,0.7517967240042347,1
0.2141580405928981,0.3875314078345149,0.10869121513585223,0.365028958497836,1
0.11973309711219116,0.18528616173362777,0.2580536472374092,0.9182898042926544,0
0.8868365366395536,0.5491225082877276,0.5169496438246068,0.702805425557697,1
0.2407401933255633,0.30288044946600434,0.10720072278150417,0.3995044550950353,1
0.36167434645708285,0.39515268032172246,0.32523860567237806,0.20540252749641752,1
0.8339359936842449,0.6286805315100557,0.614041877477418,0.9189624999350777,1
0.04913374479494759,0.03931693772688072,0.955483898648884,0.08381910839173545,0
0.36080264623716574,0.06070733281687146,0.8444048770402225,0.639097852037131,1
0.381053464374731,0.26637800434185,0.2019396171219029,0.5646816277331865,0
0.2922282383877083,0.6228672879802145,0.7016040409976884,0.46974433118154935,1
0.4206255614252352,0.833688657225367,0.9220247083724873,0.33422127818260816,1
0.9042541285140524,0.9250446988340416,0.4195161400363919,0.7751498455143545,0
0.3332011440856767,0.7188009601235515,0.3261884928328096,0.38911928858630596,0
0.3285857104780434,0.7612923202070633,0.8661587539036998,0.923728888108349,0
0.39139846145419,0.12624335737979786,0.3784023577228889,0.8150417843173333,0
0.980572347833135,0.4073533407300134,0.7710429926954189,0.8034820066616065,0
0.5190471114552035,0.9490280823546938,0.20454946272879582,0.7246088417598967,0
0.6450474334896016,0.3535523221263268,0.8801975281809474,0.04577439089296775,1
0.5396602970150566,0.239847560990186,0.15615861656461072,0.4566170267926499,0
0.057358917290970646,0.8449417023305018,0.885309255560469,0.8375066179632404,0
0.6110669318740614,0.5707283056346164,0.9701659169982232,0.31324347112287076,0
0.20198928490370927,0.2590183608368558,0.3246320683477424,0.7215479610619019,0
0.8469438226116494,0.012163828541008725,0.7207881272168979,0.2061496941630605,1
0.9105813525034915,0.04294813398407793,0.48605603866920744,0.4451733245841546,0
0.503346784864733,0.5453451677000585,0.4997662097033524,0.6723767219333087,0
0.5938072081400192,0.6671870128127607,0.6802734478220401,0.8777507833547353,1
0.6240433782910039,0.11399848284677261,0.5995263657816831,0.8170377881958187,0
0.3556190321787539,0.5623826314718431,0.39249179454898353,0.34250289948579427,0
0.2048645967663313,0.9610594455175573,0.31403517974412487,0.17351092504278132,0
0.20493407523946883,0.7658198155260268,0.7281644949046676,0.6109733144443517,0
0.19139649946597737,0.5654103692349935,0.24372652605239054,0.8022638915117356,1
0.034103075897782054,0.9327493726470265,0.6574285635408389,0.37666120210105847,1
0.3811547005029131,0.4879308499209243,0.9868390580899401,0.7656982215941389,1
0.9940057305109467,0.06874459263850408,0.3068436896181185,0.8617961036731291,1
0.7259756202129584,0.1656655671344529,0.03000872302287816,0.008705355982395746,0
0.9790664803685982,0.5526840428083464,0.34541063613586653,0.1136087149567443,1
0.675915972024488,0.35584044656217995,0.5158381471119353,0.22653159670254164,1
0.27972452053896213,0.11958971098612026,0.27147653347923506,0.5612890033161201,0
0.9199513021675708,0.47873012867198894,0.7957873639304873,0.13642370250169056,1
0.5470523051545334,0.4516962514973474,0.8249852595128748,0.45802672301115377,1
0.2220473751307822,0.8260162151947299,0.8840970129778861,0.9051890430039785,0
0.6481629858665527,0.44484766785162577,0.5803202724556423,0.24186176837328477,1
0.19520819134139467,0.22241301862269225,0.5694225217055982,0.37098171033929717,0
0.9621269144441873,0.06893891551387565,0.780605582045355,0.15506775676979523,1
0.33891330582428336,0.7924353763348647,0.10295623661800024,0.8804313793115748,1
0.14997161619199384,0.06995323655780183,0.5864550547166321,0.6725595268681456,1
0.12807951667410356,0.35483754993496675,0.648948868731944,0.7969963701027168,1
0.5799576107768233,0.9155480794567694,0.6747292302510306,0.45680236351959735,0
0.5132771408849329,0.25303207260072313,0.8265832737601728,0.7366591059576624,0
0.3684124441896297,0.6340914652005554,0.2837175546875118,0.9697099997961799,1
0.7869039255469007,0.20277550844393055,0.8247043930054544,0.8728912656332349,0
0.72491266781688,0.8569399620684481,0.8460910444303301,0.3550486170539574,0
0.32940434184724987,0.5016676469047557,0.19210437905795819,0.681516202559325,1
0.8905705839593933,0.09107623502279416,0.4725421109791681,0.31241556385103497,0
0.8468417019665548,0.5317400313583931,0.6361485699523451,0.0520564032351174,0
0.27633618898969436,0.23409101298122126,0.9245686386569091,0.4475906279000835,0
0.5236021937199488,0.008785261954216472,0.2218266180447146,0.5890500239925898,1
0.4052927913985068,0.19590525633083733,0.04285733236349465,0.4818039875821484,1
0.7439462181751171,0.7034142883195709,0.8933758466725652,0.4756022212843456,0
0.817946366116786,0.8956094723927848,0.12920729011872445,0.5959463817641576,0
0.867797001843109,0.3756118453244074,0.9514706238226358,0.5659912124892857,0
0.4420397257315296,0.4520511751195324,0.5158533018508253,0.02053174550066983,0
0.7777832864539166,0.44036840873029937,0.16291907249470716,0.13543318824856487,0
0.6606785558299574,0.9722657074022124,0.3675824529974634,0.41361206098336956,1
0.2706344536987624,0.7954000548662051,0.8237973746675076,0.5757212206855381,0
0.5709255116504423,0.7019293196335606,0.9018451899070276,0.7880632072724537,1
0.5797902732942871,0.14289732374941555,0.5384351376729555,0.4663792525230299,1
0.7306567363265833,0.22000198047022412,0.144685263411504,0.7044769327179189,1
0.6656947060030772,0.8670222195127382,0.7101091865485302,0.5903954623378476,1
0.10261927090957057,0.611298375568905,0.05023057496753158,0.13717206272568672,0
0.39679500722488836,0.8109315640197194,0.45792769043684634,0.3417923696433588,0
0.17303902759662904,0.009454719658358535,0.6286287072762475,0.9428980421094108,1
0.9052199586523211,0.7309566192929271,0.5770590523631582,0.8891078534100942,1
0.5503111277663387,0.24668565999807635,0.5819719717163757,0.830360690917032,0
0.3196181712905686,0.7080417808988423,0.5432574357457274,0.5137246552784565,0
0.687654641818742,0.7584601570516983,0.876422172688055,0.38389956555172067,0
0.4942861016556209,0.4989756593312551,0.12608541803293782,0.14391879108656203,1
0.3169068195025686,0.25717981971822335,0.3432192515958884,0.006480309083287561,1
0.16814907820576974,0.8327751979519413,0.9674842177154634,0.4862002433913225,1
0.47924515504067444,0.10205636590818146,0.8355487989106919,0.9086804573694597,1
0.8096739590551707,0.8171208548901675,0.7213276650600869,0.1642396323977533,0
0.7599975673122767,0.40253478431156986,0.5158225857866588,0.4683841680483769,1
0.17013835707426062,0.1372820379527765,0.8652405705229329,0.7726640799446944,1
0.4943449884756197,0.7675469439473482,0.27071098695878815,0.5288484473739302,1
0.04383840191271915,0.09196823897106565,0.35384579326530063,0.41138097360572656,1
0.2605163675590557,0.722335850358352,0.7374809445579801,8.086479063978969E-4,1
0.5304600181427804,0.4708375346131326,0.13783777009847697,0.8785603316425148,1
0.39147503486297386,0.5912575778959488,0.31622519693940054,0.24508498813121282,0
0.15388882199842013,0.4847944374191929,0.5879335801343931,0.6929855220364204,1
0.5438790378942938,0.2031666378520418,0.7350697907347308,0.36776342827425323,1
0.8629451978353656,0.8738565369950894,0.22424690269637482,0.8052792920998294,0
0.7980235189307725,0.47658722281998434,0.4614865503437292,0.8726097688264172,1
0.5303986159699094,0.9109350805396369,0.8578847789578293,0.10915983470917034,0
0.23457450790428713,0.8040639994467479,0.5528092822527957,0.9511966532887844,0
0.7133111043435963,0.3599322042439086,0.7442879311991133,0.26750441961322957,1
0.8743613682367516,0.47518379476293837,0.023529938925660465,0.5011518745365489,1
0.5664447220025244,0.365370277644505,0.719002422021433,0.5832501591823661,0
0.9592285023350009,0.3890612347818938,0.4292098268210165,0.4468716293141275,0
0.37677019000054335,0.49915102411003276,0.8027178870681811,0.07506322576741964,0
0.02019320404513314,0.11612888046703018,0.9924491932845872,0.1195633364593377,0
0.6687129854775765,0.7618399364032407,0.37926294571192787,0.952143935978757,0
0.4155736791044168,0.7648401177391648,0.9076774924786185,0.20287255425798723,1
0.36851775174678203,0.8163313269024342,0.9127550539119946,0.22740056484175408,1
0.5437736790744416,0.7015077213319117,0.6118920141737307,0.9037893904813923,1
0.42539035131909253,0.041076744645876295,0.511241866355362,0.8023538209826468,1
0.6825750183462865,0.34349646435235004,0.5207963712653666,0.2954641752699666,1
0.8272617845059821,0.43088363660589357,0.7348237976873666,0.0076905622662899464,1
0.39180746740325567,0.7590558220399566,0.7541919835585166,0.4543661966337772,1
0.20982372279336303,0.4679605467888426,0.12986496402406844,0.23698456111025856,1
0.5220743014908321,0.283293615929716,0.9051192390589166,0.03798117026373471,1
0.47450396090682967,0.32065243500500196,0.766496673731325,0.03431072753216158,0
0.40810883217643257,0.5204177103643842,0.21788500846216063,0.5421165599437783,1
0.5302415985673175,0.09234477182169432,0.8563262295841434,0.3998655829158364,1
0.1113960657964157,0.7398035687517311,0.8785477009588107,0.5911583761904089,0
0.37272095852477505,0.8020570570836223,0.5536597423838976,0.9226295789784579,0
0.6223021523156712,0.7876646664549984,0.9952045206953559,0.0443032847830358,0
0.8396836796903151,0.7423534089415637,0.6718253922197406,0.04790733387219126,0
0.5384526348967301,0.5748084219848693,0.5340944756677674,0.5961825722709968,1
0.8198811545421681,0.6248488990527385,0.7835550727530416,0.3333501769955165,0
0.7202757499079873,0.8993535039906694,0.26358344231088293,0.2964224826369052,1
0.5687729053744827,0.9060831985007782,0.8386228288421611,0.902681591402183,1
0.31156100360490924,0.6342000629370258,0.7240667952905401,0.9777133216845167,0
0.7017884346856658,0.6718025072922164,0.38093971559831896,0.08605376746761262,1
0.8746206769600137,0.7572809082720318,0.41643421339827325,0.9740219195170943,0
0.39042522475930863,0.39179576532088123,0.32459836647874396,0.843465518002569,0
0.47513050338444096,0.8276557392813496,0.7709762049713352,0.29710777915866293,1
0.7654820180338888,0.8419571748720566,0.7712913515220842,0.11357439258198465,0
0.20700988273771248,0.8738113685758053,0.14522261851581886,0.6420312221061446,1
0.6207563958920448,0.3683240064727661,0.6596532978388607,0.7632047514722159,0
0.8846936425722389,0.7991221378582526,0.7001414131486355,0.877410201118026,1
0.9040444411121502,0.5846427116416549,0.6793586015652983,0.6672432164851403,1
0.05994083657487281,0.3301783661550386,0.3451966807780371,0.8360870592040417,0
0.30865115705723545,0.46158472103927295,0.16769794532029136,0.7594223232818008,0
0.8333979828191465,0.4391064717030343,0.5190896594221082,0.9774686682827662,0
0.39000447801413307,0.4474901199703816,0.5140161474333983,0.6451959740228141,1
0.4854453319917694,0.6452225092334201,0.018138991805705107,0.4693998762378443,0
0.7318600287909927,0.4829709089025789,0.3926029650503413,0.10579797910986366,0
0.8618796595662961,0.3655243853056722,0.8486428502722946,0.9304952333479597,0
0.010776447381456888,0.5009724872873592,0.45161233812482393,0.8158176930615356,1
0.6569991348184384,0.9576373059377699,0.5175211184103251,0.21172371184979677,0
0.4565424493510363,0.8436931575457921,0.037264989514364966,0.9752822273247683,1
0.7470948881354049,0.9030221032245428,0.726742853478156,0.14050106944690266,0
0.6680996860391614,0.32394018746925546,0.7067501230163508,0.6312101216246314,0
0.2277346123495808,0.639815410655043,0.6597657684715891,0.7296885123791537,0
0.6459657722073548,0.009506248908479065,0.04563461879283859,0.29014316076348556,0
0.2585315011431275,0.7243373332196503,0.8772195063237562,0.9884142527503291,0
0.8236673040945822,0.30961138711567415,0.684239300049447,0.9115663234714146,0
0.7651081096698799,0.2810906042045841,0.17055434635508715,0.3587842186033309,0
0.6239654065573419,0.7558402615021921,0.6112139757349005,0.5086038127939722,1
0.9014989616602873,0.7455833239495072,0.29748120684493506,0.9821677759132735,0
0.46738359187795275,0.19374469496975322,0.43262475137065903,0.42382964419795843,1
0.5003427605571192,0.10659114916929135,0.938394462545729,0.25594439145531844,1
0.8545213961511884,0.4525326128984779,0.29878824387039715,0.05791373691858426,0
0.7969902271853851,0.6655292237355078,0.9471430792047377,0.6561522029718235,1
0.2747437807121883,0.7128053522339688,0.9553200912803778,0.6895039550316722,0
0.39562185119337456,0.35024220468361955,0.44491765934982364,0.8235905897764374,0
0.9793206130555938,0.33772803074590885,0.2519762365375633,0.24898878731079088,0
0.3427649474830077,0.9567264814856572,0.9653429098400558,0.7228650666375068,0
0.5640712199718353,0.9823781826773146,0.1740175631055514,0.9254117436923986,0
0.9946963095173177,0.025186645423790677,0.2268032216867889,0.7747861400064268,1
0.4825077649598132,0.8765335171509763,0.6563736739875891,0.7579729694364071,0
0.9839686987074516,0.6699367866184992,0.5581552783965995,0.5071657369386944,1
0.883261596115283,0.051069656720959644,0.001783290253471681,0.8939706164201016,1
0.7538376191650865,0.28224779424922275,0.9953871391184251,0.759111268637368,0
0.5534076710475628,0.5610274697637535,0.2948949231214497,0.7651538651523284,0
0.9979237915605674,0.8811879748111654,0.004513888658835619,0.6520075284976381,0
0.4666414682015667,0.10949494790039349,0.9963910741675374,0.9381972830172467,1
0.4330872534930482,0.6834028997216287,0.4727445996444487,0.36993060482394435,0
0.8237212688589179,0.30505326015101564,0.054429482794384865,0.569984857048304,1
0.8776226090352123,0.27044798979800067,0.20718033639738187,0.43793961876315135,0
0.5069494383316584,0.6906575420994455,0.43785059445104013,0.748423814258051,0
0.09411113189213871,0.5604391930666838,0.08502548896061302,0.5386893814449629,1
0.16214845507136266,0.033715247855554575,0.9886005247934131,0.987842445036526,1
0.4546640314136001,0.576467176208395,0.2801011397013068,0.632078384954436,1
0.8511370883721937,0.9848129925238783,0.048488878590854045,0.4324333471940003,1
0.20912219971020185,0.5742574341683727,0.6348951336807723,0.6064981784778992,0
0.02903038718941342,0.6813219721999113,0.19987621728744964,0.20999718072109552,0
0.2532544744725912,0.7296012806968948,0.10641984546412941,0.9095743782841244,1
0.40132093094788535,0.9204139003358772,0.7242518282921618,0.9202356631166474,0
0.4078586640009736,0.8950157005437456,0.42299652634040863,0.01552545402212413,0
0.5541588486309528,0.37410429477034535,0.49592112105817754,0.1906718479066063,0
0.5056823932425524,0.09417297767579491,0.6198930605556391,0.03330382561555967,1
0.4106736634401017,0.9188306890402262,0.8681640414282388,0.39570356067124635,1
0.19916810361027826,0.13017325670690105,0.3259467156755904,0.9956151870015033,0
0.7803780132503728,0.8032581665378306,0.5958526195922654,0.7685915328555838,1
0.2344953937976516,0.8032829042061977,0.5810286093013856,0.01814099370176292,1
0.889106204296068,0.9080942487312799,0.02732398572888395,0.7083644794055601,0
0.5051926300733376,0.2731261450872372,0.2805814302069518,0.49309154171951997,0
0.22835377192753625,0.39073851939147697,0.35828388159759017,0.5906225363529218,0
0.5636338025210829,0.6732844224977266,0.5954197074180915,0.21044621490937265,0
0.7651931800365029,0.998617676685167,0.11365126155006244,0.38443563277313797,1
0.2240429755627651,0.2427675050946676,0.8685087992969822,0.3789910627315418,0
0.19387550236489415,0.2889558706935078,0.9021232713072144,0.7507206589683427,1
0.7032098441839345,0.2977895346065571,0.4726434446835134,0.46178946825120326,0
0.27565037745048526,0.9052637625514809,0.9447624733739697,0.7739388389467186,0
0.7515346886709358,0.6171418474764461,0.9281408997344222,0.9393819076140846,1
0.11886656434477938,0.3924825079575456,0.4697758046187994,0.08070727503888975,1
0.24404817729526807,0.9911066242109808,0.11174470652440438,0.44733604582280606,0
0.558476405558507,0.849948525201857,0.9457392235780016,0.6622924213390002,1
0.1996550794412525,0.12828713225114974,0.3554877052828277,0.23296443814854184,1
0.3580844350631016,0.9175833033574398,0.9568515365475259,0.9619527769534741,0
0.19600080841596257,0.1022263645681073,0.18856667067104949,0.958547467673671,0
0.5750128414698897,0.8557681170410347,0.3795474672126229,0.6312281415196613,0
0.6033228669448993,0.1550917803856645,0.9362341106809258,0.6242493118394811,0
0.029925208811588444,0.14266055327561777,0.6353437901071405,0.7551041939178138,1
0.007835571395823138,0.36054705364525785,0.509265974245824,0.2628526529716062,0
0.49887150488432375,0.6793925507708892,0.5846967931371551,0.17201705290326352,1
0.8506793167925872,0.8588375243438681,0.9347460619698779,0.08111774045273035,0
0.176775569338106,0.3140216352915606,0.22756828370977533,0.023280854656536176,1
0.3361611642718184,0.606039759247678,0.724914317733531,0.5842301100749935,0
0.19093351629667998,0.8780978623818566,0.7326204659111648,0.6322824473046439,0
0.661943034295826,0.1799535086180054,0.4893991827041564,0.12923261967029742,0
0.386903466756335,0.4311574486544343,0.2886517135992669,0.7349865878453937,0
0.08065242524258276,0.23582671962574409,0.49124302123280383,0.1544321544789301,1
0.31282662027425123,0.8136382537988683,0.18678654743996803,0.381876119048257,0
0.9684496452716871,0.9824435038451548,0.6303084275870281,0.1347001653189821,0
0.5218070722420214,0.09542615103644092,0.12489800658271588,0.44804238283960285,0
0.7382298011197526,0.9932835063549558,0.7863408481172002,0.5565945440836394,1
0.4167684808635713,0.9129073607981001,0.05043735141875738,0.41478646082346515,0
0.67035636833549,0.11389627658662738,0.4145532446154757,0.42933122539772794,0
0.7828813005408548,0.6375875515614315,0.8688734513748603,0.8221174306771885,1
0.652171230143249,0.5189747797053078,0.5086197725805338,0.020330668522128836,0
0.7365549357853177,0.19661934095966538,0.2469710443583235,0.7780168620758116,1
0.8116748354023771,0.14339615735120192,0.20928984305660225,0.3972038391259659,0
0.39763114794500287,0.14766691900253848,0.7065252180635075,0.42583900594652857,0
0.7073053164858943,0.09319452241308857,0.33973349475689596,0.2802558214102744,0
0.7582043008767425,0.2478149329260495,0.05259694243776536,0.20030396439513531,0
0.10791023347215167,0.7102559599147028,0.7793721860189335,0.3960485563150328,1
0.8246136364708712,0.40944781112137574,0.9010126823974354,0.9530521605056061,0
0.4833920301597452,0.7598304319434972,0.3482465428617437,0.10719572906726005,0
0.9902057623063083,0.4923201545475101,0.23695053027419166,0.08988097503672599,0
0.3864134253578627,0.6618753318937379,0.744321706553268,0.061533011749529964,1
0.9531414549450815,0.15109494066723816,0.91939221039569,0.40903483317046097,1
0.8557197934615294,0.5075560129034793,0.12584898152680235,0.06645885272892682,1
0.8285183226973216,0.21926606711931584,0.03213043277214933,0.8560677339737901,1
0.4688172091357852,0.12975364643626452,0.6994512074347593,0.88272622333522,1
0.5939075277921042,0.9775371355887786,0.5122989504455834,0.48804925587856973,0
0.7681756262698389,0.19002425536641587,0.7539879662819453,0.872420540257891,0
0.8621541460394859,0.5968039845583415,0.09176370536767087,0.6464494708173517,0
0.7609859770658676,0.40571186709050067,0.37318768906388844,0.023248487075643753,0
0.032602282846815656,0.7841169866483921,0.013684292955400745,0.29530137374191623,0
0.1470198100548077,0.9278314523861129,0.53226878924373,0.861528835239415,0
0.32462382912251886,0.9190062378902742,0.05612152843551832,0.5067925515999299,1
0.7255527691035781,0.36590009720066186,0.7990083433698647,0.48321312523479165,1
0.39326905801518164,0.12356165260302443,0.24304233093316652,0.5149513972049675,0
0.8994047794507303,0.8967614169551679,0.8740805573311372,0.7478560288590198,1
0.5816511353987843,0.3516720319196205,0.002605003824379115,0.7329738734786208,1
0.8759450167785777,0.18102770242433552,0.02957990000136279,0.2886046677992127,0
0.8061332930232239,0.2576886402808638,0.8652463804732314,0.4588843589220203,1
0.9814787022951376,0.728388492108465,0.2004619728944257,0.8936761723046225,0
0.6222695007755892,0.8207393261451417,0.045582795792334596,0.022142358687869512,1
0.5983185086322107,0.11866810675465367,0.5615869305597864,0.9050565588328008,0
0.21096707442198637,0.7724970901363967,0.8134118661457881,0.2598442975791555,1
0.0343683445093832,0.022768888702751067,0.5448363560085854,0.22673341449536732,0
0.8546973447558186,0.8594614835819789,0.002485570586417296,0.056257678122198285,1
0.5352728133106334,0.22566192280451636,0.6948560013557649,0.0182287700662378,1
0.43120044239997113,0.12423207549903748,0.6209071994153167,0.25205042438142233,0
0.04727769874805099,0.4141867794351689,0.08958397278865082,0.6184223560012153,0
0.11644788770127512,0.5149167312652374,0.4010078705869877,0.1926261516797917,0
0.3776824540288214,0.30387933513787724,0.8814251351351045,0.5335899411756931,1
0.8682177600374922,0.753130420556264,0.37824259464736476,0.08124334960797686,1
0.2411133370127957,0.550966005510835,0.6377429610947734,0.638667329268257,0
0.6482571221767682,0.02255788432121819,0.019943507635700297,0.6850083851129545,1
0.6815009216941634,0.2602844199653547,0.3408897742826631,0.21795231714001118,0
0.47718256946183246,0.03888677960688591,0.6637314092461832,0.435440549575291,0
0.34196925858423155,0.01737365274622571,0.6555510252753293,0.5426872096319494,1
0.12783028188276313,0.9160181966966436,0.9168347963256426,0.9466055675065833,0
0.41983614905269573,0.0371741007857147,0.26659489225079913,0.5609364842258044,0
0.3978526412189739,0.9482703748702687,0.5138576903525077,0.48664125131515434,1
0.3854823174638219,0.055294154834941045,0.9143272643000577,0.7214242542646143,1
0.9868590436759915,0.9943377710606629,0.9147001244851657,0.5163975767699118,1
0.7709964483155962,0.9008597538271513,0.9105349935684499,0.9608295817441649,1
0.943736061891486,0.6006571634785266,0.6750250491827888,0.41326818477720206,0
0.3866491788322287,0.9786224766309181,0.35077504946595217,0.6573710314633185,1
0.5887672776007228,0.3703045207266419,0.29845991360058866,0.0456953524584186,0
0.1206264511548314,0.6209186962618295,0.0432866160030998,1.5309724036871586E-4,0
0.3612423324299945,0.7490887579167972,0.3526753142207719,0.23328927580714087,0
0.5397442269885171,0.025372633794891852,0.018176515962626927,0.12534619533386593,0
0.8410568376089052,0.7310989049355293,0.44111534768453453,0.4668924733495535,1
0.09127354837849577,0.16269139019187828,0.5267166510462425,0.8328951700589092,1
0.4587855306958659,0.6257954802529057,0.9122323770384717,0.5718345359110347,0
0.15411872064601606,0.5953051615576015,0.41180163353970534,0.2853463127803574,0
0.0535298880274776,0.03581556571005573,0.2278220800919596,0.6105027405162309,0
0.6152831077406062,0.9638847066539714,0.7448989311563061,0.439648057131817,0
0.44802931932542756,0.39012789127604186,0.7154232645723747,0.571921658278893,1
0.3934161869333367,0.5330635630670479,0.29275998179264673,0.8900281728089838,1
0.7510649477124408,0.5717302654782178,0.5296853074890029,0.0953476693643388,0
0.708417142650821,0.24102928983415262,0.8365302918458997,0.8822661372706009,0
0.8272563070523447,0.5367148719042482,0.00787799578753512,0.6095041178421139,0
0.8111337808337925,0.6610596434333106,0.6494410250807816,0.16953516694591753,0
0.7962942011990856,0.65202501686232,0.30811075670455956,0.7287456502099333,0
0.946488644408153,0.3962570875312209,0.3199764016388722,0.6949918241230398,1
0.6641640993141109,0.4812080360770975,0.9286602874413248,0.9616267743781565,0
0.972068514880846,0.3478391310762372,0.7609175764735769,0.3257154520046561,1
0.7129829883953909,0.7325946241540554,0.7990009802315468,0.8948967563003468,1
0.6642863209101868,0.7590515512353763,0.3394109143384265,0.28015510820556677,1
0.8442661821550983,0.9945820272044914,0.8313745468381916,0.6036195106640471,1
0.57986703621966,0.8121944175029732,0.14828009415445775,0.9410193633261157,0
0.6205072995994224,0.6268908277618638,0.7951141351441819,0.3973865673337186,0
0.6627681602906905,0.7386146841055441,0.9073652587916499,0.14897056818632048,0
0.10010317509803868,0.1396716377503715,0.48459276247588046,0.3572481238779328,1
0.5771947009206605,0.4236123407289938,0.37027583140573694,0.9390999290537457,1
0.08109422383441522,0.036796813302377496,0.7566939869883007,0.9788612371357067,1
0.6149552749053382,0.4519694252779223,0.42685704342484077,0.3265560698697393,0
0.49622630788559174,0.9562898961316535,0.29263240934746093,0.4466470999053467,0
0.19171121939602687,0.28592788135257663,0.9401137704271264,0.72675744845623,1
0.9615247246932653,0.8282993197238108,0.03346605866814012,0.4430954833972701,1
0.4544114814770792,0.06942558523245945,0.019509927617238465,0.19268547668562752,1
0.5911309868104825,0.3994248702103017,0.33605690918549536,0.838436393945119,1
0.7987209095553709,0.5772299428671607,0.12826250164165276,0.9421885541839843,0
0.2667040972630135,0.7214930950496077,0.3294667221504959,0.8784542109132434,1
0.9572663969946863,0.8351016390586462,0.6854855601373187,0.1844562134046286,0
0.6773783407235898,0.992465069827631,0.099864662930506,0.796932535489014,0
0.587465822353868,0.9923340885548636,0.022225801050278715,0.8819224730695766,0
0.43687490703824416,0.8531252062520033,0.15811576612853306,0.20143936399244078,0
0.5693538935517166,0.6735754404646908,0.21771035047032739,0.38642420185406356,1
0.526216506869005,0.025775350500058525,0.8072807451941553,0.9438974375255548,0
0.7308332585528727,0.46356877408604946,0.25977208868207935,0.6005367459216527,1
0.3226277637594581,0.12151811155436154,0.22169655600166194,0.8500663783837854,0
0.6817583728374049,0.1435828428144773,0.41060249297519147,0.39634421295917854,0
0.61834038848162,0.15113764705629285,0.3675560781099594,0.41307775451789164,0
0.6077275675670827,0.48756959068751116,0.30229051000229856,0.5231378170481006,1
0.5242934735590444,0.3983730598892741,0.20761717002327662,0.515228132382007,1
0.594830408490976,0.08696473317872233,0.6287445499186735,0.6594207132569923,0
0.9203632925639934,0.5440162756991522,0.9162240894918868,0.3200619974712553,0
0.7569268590941987,0.09452443151684176,0.8485885847315682,0.5261671416001528,0
0.43836210664915787,0.8216479874700824,0.23991839757690991,0.765824184542951,1
0.7898346955146234,0.8800303611199655,0.6377076250899487,0.2906077493033312,0
0.6924171593654546,0.05261677581093682,0.536703660792456,0.7262656265878141,0
0.5093733329593721,0.43378047501286576,0.004087479528274818,0.13030997970325364,0
0.6674735263722809,0.575559670624776,0.0157412058289903,0.17200181528131853,1
0.8567730080356353,0.18223591068597134,0.9184251293261567,0.4117860423044113,1
0.5993662364783764,0.30003897585083994,0.9542510735507437,0.5075840878086421,0
0.05049682861532734,0.14549268609964294,0.12314338156328941,0.06527576731692841,1
0.01394511445404023,0.6706358802147027,0.8576463587719133,0.9603818854640283,0
0.7468084097688554,0.11444432914851721,0.9349550802349129,0.9141687134922997,0
0.47825219785308914,0.2548627106161998,0.37643540801951214,0.7359776291867206,0
0.8599024768274184,0.5650583089757943,0.8822038095477707,0.3586241964510648,0
0.1894549958224836,0.6312156728009365,0.5241694281329534,0.5072507640854429,0
0.6098102385070301,0.6718998523404376,0.9051173286635725,0.7744708755310561,1
0.09989984895270965,0.4927641392959726,0.7312562771963649,0.882229537967203,1
0.6267069062399068,0.7218169630203819,0.4272058087042079,0.6367019005946071,0
0.2446774614150139,0.1674029567422528,0.4928425747190307,0.9161964212322946,0
0.08765407268121717,0.5398190392811815,0.2128499930170742,0.6072358038183733,1
0.25342779272360605,0.6006023190271119,0.03548696529936002,0.07302427866667638,0
0.6054227221905111,0.5486227214392096,0.2608569643728066,0.5925526525411465,0
0.1915825746037767,0.5161050496010595,0.916933984165224,5.837823941825526E-4,1
0.4432722115206318,0.8770634374806611,0.46194064268470925,0.6588772280689026,1
0.3339642451468666,0.642281194341226,0.1209477934174018,0.9154254282668585,1
0.9097544230813973,0.7450258737839129,0.5554159342030301,0.3239890524277669,0
0.14569035178452594,0.5020727754034529,0.8584039306732846,0.9950847557035624,0
0.9647870116707132,0.12875601788759994,0.5492865933952082,0.5305570932145838,0
0.6628253280455041,0.26277550687838913,0.6984434599870296,0.9435944971329708,0
0.9028609824913736,0.6679719872314024,0.21539418075603767,0.04286008108730932,1
0.5966463386813986,0.9681124787063639,0.7023558637754032,0.7312124087422598,1
0.7508792649818977,0.36995568794720135,0.6521317158730054,0.781513171110535,0
0.20096453664816638,0.7831958435411194,0.024462423425906432,0.8811865181360269,1
0.5310241655513374,0.6128815263868628,0.3233349633052027,0.5638027830348626,0
0.08435648927885242,0.15982316015215592,0.6456026606670651,0.9990419970370173,1
0.7367410696381608,0.6121845480870474,0.08324453692301281,0.27960948415838527,1
0.5678004910220121,0.9300530436915124,0.21113927133144395,0.7569812360591864,0
0.19539811626954406,0.294781592247217,0.895635579695121,0.5374351716764646,1
0.3507528478798081,0.10028678763774967,0.5867424786283195,0.6546920142478576,1
0.43161524374492966,0.4916860666029297,0.990852880712223,0.4029303795545284,0
0.2783688542996191,0.5062363548671807,0.51432905718962,0.456399633849801,1
0.6822561186442558,0.5327988781418488,0.5991720971699082,0.5464028814343189,1
0.4042580867998874,0.25040464512530425,0.5843019433596498,0.1070787122836071,0
0.029749539089303223,0.11950001742957239,0.8461771741502636,0.5444442282934567,1
0.2786983318851589,0.5119107244160411,0.4876770637629393,0.31228881024775357,0
0.345683567269195,0.943878965315339,0.724589673031385,0.372589049926105,1
0.7929302489856311,0.9542225879240877,0.5140176131754876,0.8836659705817713,1
0.4788290740155242,0.7283554790338389,0.7892623637257493,0.8814594708255731,0
0.6040735104227133,0.4083127185079801,0.9649032461691718,0.77388973372644,0
0.48861956660775474,0.8410351535022158,0.5900675395382853,0.09808915246577088,1
0.5559532432927112,0.06616312981216343,0.09972499743007024,0.7164121635893664,1
0.27921696976650157,0.2662455196783119,0.8859777167036665,0.5248550686900102,1
0.9944017928958415,0.9006538313691388,0.5783184150212113,0.3891636127420246,0
0.40994954621808155,0.5651264706560933,0.7227140644107435,0.7997469008849168,0
0.8913191194100336,0.19831882254770672,0.9269618472699476,0.6442480635526744,0
0.6982210895200772,0.3643963450144706,0.8300607061136824,0.8485828966825825,0
0.615316475688712,0.16068855482600908,0.6345421501573749,0.2598421892793581,1
0.7064642760711926,0.24285064686110025,0.9834924340604425,0.21482784192539106,1
0.4088521860894042,0.2617401364359123,0.8491976008313673,0.5001020095721409,1
0.8639634628767953,0.8812788256655398,0.9425484007035173,0.7178266460259105,1
0.07160807124365287,0.4782986254512941,0.3813890493090728,0.5557802348519295,0
0.6540833969656068,0.4628240231764368,0.8929611119362308,0.023724559975972115,1
0.7195048727462476,0.4240321580975863,0.4677380045797662,0.14123563124366456,0
0.30426127536630676,0.6472238439158259,0.68045425516501,0.7836984592384783,0
0.11654512642757664,0.6996277822246374,0.039954561001890654,0.5191760512852402,1
0.4721232039326295,0.7703811820413689,0.9694776523793017,0.966755876608323,0
0.9711457332238865,0.11658593989283828,0.1233384251499734,0.505713413108221,1
0.03353630015661169,0.3173930960430251,0.4315235405837087,0.24823164565024503,1
0.6447560389840866,0.13037847831887062,0.34317122024298763,0.22160371432483128,0
0.21452911417997045,0.9413520614497487,0.13685658905610987,0.606675635626532,1
0.390055736149892,0.44234750971938097,0.41024126298267327,0.08843528579787052,1
0.618092314671561,0.4444874226929322,0.18022846840423756,0.28684284018434447,0
0.27076158491004076,0.6435199494970294,0.916896925117764,0.06933447276184879,1
0.9734254663226988,0.8238966745965751,0.6119439747764301,0.6808578452897998,1
0.04381163208321914,0.9175807848067415,0.5290823242893763,0.8383513096560801,0
0.9764862987450115,0.061214137845043926,0.0558818194139048,0.32992889903151656,0
0.27207307883286824,0.5434855841676666,0.6289738120745794,0.8255274607811987,0
0.4089529530645978,0.43211668162324945,0.9390466922723653,0.8422870122173288,1
0.045096703514094894,0.25171063652326653,0.5892981675834157,0.20055109201599763,0
0.7830037066407792,0.4427690551183818,0.968284997969856,0.06070599912489627,1
0.2788113032666739,0.32090143245487845,0.6969336065174275,0.5784426684266324,1
0.8138773626041298,0.8080755832259533,0.008962002379871326,0.13642475532625353,1
0.5059970225697725,0.21277754185591302,0.48360071019847795,0.16928596089011005,0
0.19155377851807642,0.6566561784265337,0.4029805389374942,0.5094416248925866,1
0.5962445910561537,0.34805220565665695,0.6014315951149573,0.6770304927709904,0
0.868221535615032,0.0838942091839544,0.045872986830178486,0.7058250420905912,1
0.9645563297160403,0.9963439722695324,0.1515948425046335,0.6450196241262327,0
0.872354498206833,0.15555984588632077,0.4368057332289266,0.29036208483051285,0
0.2649260214067177,0.5264679800223987,0.8664439669221933,0.8602601113802312,0
0.8490008696240097,0.2522588175206909,0.7888385646758609,0.43313333905065987,1
0.913136067444607,0.2646728104174654,0.5144646687650076,0.5383517822268936,0
0.35054417050435505,0.29480847841045776,0.5200583239849146,0.14564793375742824,0
0.2926124607687327,0.8635813720177309,0.8169781349187576,0.050396531766221164,1
0.2278430446373776,0.42443360482890236,0.8409206845191297,0.8159515559166135,1
0.891803325189209,0.9224066699618969,0.8063853738393948,0.5661952764405048,1
0.3212551461095088,0.9101841328292407,0.35285986895217747,0.38158273742329873,0
0.3649744878212434,0.4480400429633251,0.8197881286816214,0.32609637727646223,0
0.6130388483470948,0.7709261957005313,0.5906775188084614,0.10499019082361338,0
0.7833229093721217,0.2561111304222906,0.5598378888266138,0.45930403906715656,1
0.6680148619169524,0.4851380432416471,0.9096495834413592,0.9039516524898935,0
0.323891027594679,0.23276991957628124,0.006851622572698668,0.8955987180410485,0
0.007243810515490612,0.5674505561982934,0.5015452645570367,0.3049131104569409,1
0.04568222348091333,0.3120026340091663,0.7833394033560214,0.43652219415628235,0
0.3577730511687607,0.7169754904013084,0.8505092824515058,0.42642918707725275,1
0.31465528074854165,0.4099725460395236,0.5046515675522409,0.7111604452610547,1
0.6304470951921262,0.2472773422902862,0.3586216230293171,0.9372713029405481,1
0.0890173739495751,0.11386244368701859,0.12764703472364103,0.13647250579614523,1
0.39945021065370834,0.32863474891516264,0.4985004770149013,0.3540080247787958,1
0.7495191201800098,0.1717222703012783,0.12186629708956176,0.03987690341151995,0
0.8424841247982773,0.3051284948070079,0.7688038090098572,0.014285124234113322,1
0.5062392600320204,0.7240934711012869,0.7265353406945593,0.38943951631643403,0
0.6670260591651034,0.9742205775596571,0.23647408511794987,0.7346454482545633,0
0.8309438364766956,0.005901269322463154,0.8063634911336415,0.14264410585121612,1
0.5698678934280118,0.6804285442691884,0.6037737951463038,0.5981870203923709,1
0.5514598641946434,0.6972421564048443,0.4223632040476175,0.2548398299600091,1
0.26636261478874634,0.563798168720894,0.6760825013938853,0.5883971064840098,0
0.12311868540159032,0.8658818078020748,0.6595581989383748,0.848128782962671,0
0.5048091676757394,0.9236805626798588,0.16666179055764463,0.7426875570959351,0
0.13239351225224216,0.6576688567764074,0.5388859994024807,0.09580361885068955,1
0.10614719235876158,0.8561361389282441,0.6336772004599796,0.7503730210150767,0
0.19215933646225325,0.5625693634083041,0.10012049881542961,0.5679626841762991,1
0.912698987610161,0.015514779006421286,0.24120458439597015,0.3235415474780684,0
0.5558310387453794,0.047378342787247396,0.5576800423608289,0.7489914421364527,0
0.14362013054224454,0.6178879228061046,0.9309637312769619,0.5617821208887527,0
0.2663707539262137,0.24268101644787055,0.6920568606687831,0.4987854732036058,0
0.40958500969336664,0.6000342627059019,0.17393920608512692,0.9499522590590633,1
0.2786788007214315,0.8489270921858808,0.457457745059479,0.8978108239453979,1
0.31917858422335954,0.14840625021141896,0.6867978972705004,0.19429573616480322,0
0.11036196326907266,0.9372680487144286,0.9756942167826261,0.35624643019930824,1
0.795934671185097,0.5998518092398388,0.3371689365574344,0.07684982604329149,1
0.010610640138168592,0.5120165963598742,0.2846992519303556,0.8188305490686963,1
0.7514160323526663,0.04700478888520887,0.12764873936048826,0.48983968797810207,0
0.35410729471126545,0.06310962896908656,0.3925542281390533,0.232567802752764,1
0.04884589060100464,0.8338928518001404,0.9829852748767928,0.9146304075616873,0
0.5486456963215021,0.9864003119134797,0.23970362209089324,0.020362809108649627,1
0.22568341298696148,0.05792359344255249,0.4241561561958943,0.06391239034923202,1
0.2763873382343268,0.0776267742382003,0.288662562113857,0.6972894033253362,0
0.09949538445095296,0.9989982040169558,0.9179585454185432,0.2404641815416788,1
0.3575163183053379,0.25034613472021316,0.24522415880642712,0.07439650049361068,1
0.19947160839116074,0.6280611806156658,0.9870075255024469,0.6478438918657825,0
0.06849492979990623,0.9369521807388539,0.34729680962086296,0.9655190928257309,1
0.22821136871483394,0.46935552404997005,0.142990266106096,0.6041217745782131,0
0.03310410614651815,0.4911482752750458,0.5098239739155421,0.7356213095290721,1
0.8091105240016977,0.6071816478053053,0.9493875402759981,0.6342864308955444,1
0.3477254880866024,0.7354847303398006,0.4764280372040183,0.1262263263426019,0
0.6334548039871409,0.6746971070423429,0.40165808069058484,0.5720186828286287,0
0.008926542631607859,0.9650000134376077,0.9575731790593685,0.6973973139385726,0
0.6650973901969266,0.53715779808898,0.8890230064780688,0.09519584138322834,0
0.6126291743206088,0.8743012565342857,0.8606799209908886,0.7562979012566371,1
0.10924945061048075,0.3723163884924897,0.36257566567826804,0.20399148043415538,1
0.28839307019398386,0.4355002834219137,0.9865946573411184,0.9298125415115893,1
0.07494553001570903,0.5307003047223275,0.2728209657429692,0.15859920300070907,0
0.8492573061804732,0.8119099167602388,0.5044982736078374,0.11879287509591308,0
0.8398473336675661,0.7777664023056465,0.21491574386065104,0.6739023133212326,0
0.343572174454848,0.14605122372849777,0.34241168137351574,0.23856265308660496,1
0.8109839011730022,0.8851629072598393,0.9312059552496206,0.021824539558436107,0
0.20647984285472887,0.8990477597283434,0.7257560016361565,0.7703106966114878,0
0.056153767399272025,0.5204396712650958,0.8922514442080612,0.6749645826047014,0
0.5135279070479869,0.11205548560504097,0.09333608709944108,0.8878211236225787,1
0.202036039685898,0.09689671231060726,0.8379384640294641,0.28321315029062244,0
0.017720625713113836,0.7519243506646234,0.13078737908882498,0.6626497087790046,1
0.10847344223242228,0.766562071416159,0.2662762732268764,0.8073217732407053,1
0.5948514515015649,0.281303791596035,0.09492916567289766,0.6378934089282222,1
0.047508037644535706,0.2440904716930552,0.27860436397717403,0.41823638997805457,1
0.402810450048659,0.3610839341560861,0.03244600511860518,0.1291439090173241,1
0.8973846576209761,0.7526420890024198,0.5134949430866702,0.9484300930770265,1
0.9642164349344681,0.7013530595218529,0.28641271958524117,0.05920108165137006,1
0.6216992042599748,0.3282853424004021,0.25973460943159055,0.5292136073315377,1
0.722281953880523,0.08832591047760918,0.8483625456177307,0.7439343045016872,0
0.3848300986346741,0.5698073228669823,0.9040355055060102,0.5258189743585493,0
0.5220212131376906,0.9937520995894877,0.46669027531615137,0.9281360710348037,0
0.2618327289434992,0.4889775393450142,0.9238728906720891,0.8931039213528451,1
0.6461184803344473,0.90847744223257,0.8673642346018229,0.9633133848762838,1
0.5740846884934941,0.9797766120014361,0.3208951658833882,0.720854599735661,0
0.39713585216272085,0.7238531358856247,0.19189872825596277,0.11447622887301245,0
0.43609955383168575,0.44717844086047587,0.30624374904464846,0.3135973061613624,1
0.4178466154263122,0.061344948605087435,0.1535118929367748,0.7221916798116659,0
0.21651292805005118,0.16283697774212624,0.23536092007328036,0.2977344286740391,1
0.31144026999483754,0.6600985278067423,0.9164410445545524,0.48983603430852063,1
0.8210850724029116,0.4923412316438751,0.10586135133196206,0.8941873915921869,1
0.11251944470654807,0.13599115224233593,0.7250861189883016,0.05002205081269695,0
0.05730099824071211,0.26690691777425457,0.10509912331905191,0.19098959059834597,1
0.5600104930640356,0.9958235069539265,0.09104585673526266,0.0618735682596363,1
0.4810064400226439,0.11836772871320866,0.5519902183156482,0.8125609903574151,1
0.8432550579334358,0.8635095745784757,0.8295153589798449,0.1427998530897936,0
0.9951528070780978,0.2529418671184994,0.18026299052696326,0.9664754269131441,1
0.26435136617774535,0.9658919617005824,0.37460615833775157,0.3339963522509174,0
0.31400302079980835,0.5836000597828515,0.3013356636197455,0.4702925860060627,0
0.7863780992913334,0.7422529178512428,0.7387515171274904,0.3424703744347596,0
0.8312126660472348,0.8447146496625026,0.519210026177485,0.4389856136059064,0
0.5424744838052131,0.9930411777608407,0.41767256700965016,0.16905303865679389,1
0.59078160337524,0.5696728961597185,0.8121043385277786,0.15389240045535957,0
0.7991156563433855,0.17019486091331004,0.4907009041372621,0.4255575289797623,0
0.010464758253492468,0.8885469446756941,0.08446618641774928,0.9966733776034116,1
0.5641826130924912,0.5642796786370111,0.7221922627264868,0.46053665391745224,0
0.803045257588118,0.1843276327652349,0.781779194640238,5.031053884122505E-4,1
0.6629136293057,0.08578963281459795,0.9696098276072846,0.1512850799648746,1
0.29342073804952895,0.6033789392444013,0.6842774180411011,0.8707529132649472,0
0.21302895465300642,0.011495599647259436,0.29604753037358833,0.35541542919167,1
0.8352980503085908,0.9383513564198476,0.16751425308621437,0.18008514842570766,1
0.480936195406948,0.8371240777483843,0.36482429013137085,0.3263346402089723,0
0.7420945298861165,0.656699687346791,0.39609427089688987,0.7930714775340514,0
0.062411988085473324,0.6533796793086447,0.11966936318244537,0.21256200436229677,0
0.2497801121919343,0.6108237233959739,0.7276335089028044,0.882812537354908,0
0.17634297929727882,0.1521929896324583,0.2771820154600997,0.20647635843727008,1
0.02884300116072447,0.38240023146290947,0.5872764355536008,0.6400982932242625,1
0.41955592829499555,0.6536987707319766,0.6357504151586428,0.9566009536724303,0
0.1573741126996141,0.627045477100616,0.657849124797842,0.49216180699612133,1
0.5531797439585195,0.5375996633667144,0.06438195980637063,0.3147830122635915,1
0.9627278446756989,0.6982955354083541,0.09854634378333382,0.7458825335096935,0
0.552015467402182,0.012128580249099019,0.16397730028020552,0.5171130964690567,1
0.6974131485710193,0.31219976628998025,0.31772245227265783,0.5904393330229522,1
0.3518227985820098,0.8623825170410513,0.006248308460429897,0.34891314460868106,0
0.6650873637571568,0.35250565090819763,0.7368349740171977,0.8246936343850696,0
0.7706174590411126,0.9300403732570204,0.2294387519174188,0.5028383925289832,0
0.4267779534746432,0.968068577024465,0.8975007339098471,0.051903418962927717,1
0.7199312300752104,0.9684314538229125,0.7156184588007711,0.6183804014972213,1
0.9092739690517865,0.18846857853570276,0.8709840937753873,0.5476127451714109,0
0.30601533657503477,0.2352305941277062,0.38050073329586087,0.4676319172048554,1
0.21681283128029372,0.6987846547427013,0.8656313603270084,0.38986030590038845,1
0.6126446262084889,0.6602159598161895,0.30723672787611045,0.8553578668291761,0
0.18972161365622986,0.44482929190193454,0.19152382594198214,0.8699299673225077,0
0.06824855200604518,0.203010829289191,0.952685408702348,0.16158805414506483,0
0.6318866140321179,0.6121464402157427,0.1264013008221745,0.32948628725859497,1
0.7814325193250015,0.9980894207880027,0.5970380482660217,0.9637321500257081,1
0.07298977989580635,0.0777645424189568,0.7339769374405913,0.14714593137506204,0
0.3892656256129924,0.8902519570933384,0.06737236630217036,0.7689459007524937,1
0.6356588144519674,0.6044280783062185,0.9088968088627685,0.9981229867229567,1
0.017221461219235845,0.2488608854173716,0.8437598330995817,0.3518793158568909,0
0.8349941986871006,0.950066911905627,0.25691713620226586,0.8838133274196546,0
0.3660909774972656,0.7163947167310489,0.47457201520174985,0.7973125686343536,1
0.7963163907073398,0.7302917167412193,0.21984586651345384,0.8236147303467429,0
0.29163315041982196,0.474579922192645,0.24554037851045196,0.8294243141605521,0
0.3040220229642141,0.9322589354167231,0.2799519268203352,0.02157598849894793,0
0.4091973764260992,0.17865675563205352,0.1342063634488062,0.7276785196710388,0
0.20588859160876816,0.6434626067048643,0.5586315429277678,0.8186220042218565,0
0.5275703435300625,0.47204201710874494,0.03542677839078412,0.976409374894043,1
0.19274041257866104,0.3179193412848367,0.2851590822008182,0.25171804694353384,1
0.9723264651587442,0.7428946517376005,0.4844675154992272,0.2948671086901361,1
0.7094722175677572,0.8329829581951566,0.2027754952906594,0.9094200531938927,0
0.8351179552743058,0.14698041931187822,0.5943572835800632,0.6639669084680354,0
0.5063137518313109,0.5961438038702892,0.19977998816560127,0.1925097799637594,1
0.4666487310170535,0.6614916638750621,0.7974499441142363,0.4038769247345162,1
0.3743918293156967,0.3590075093778502,0.2972186023532922,0.7530739574618546,0
0.5194882176591477,0.7196819004637053,0.9916770825174174,0.7603024739137758,1
0.5652958668553112,0.06487327509873686,0.46636718834608704,0.05632786211360874,0
0.6074004257383445,0.7346605853381922,0.023342294872736202,0.66078917191467,0
0.518998095874845,0.515007248893442,0.3027619835212261,0.17583264064490323,1
0.7183428539232353,0.616565225022549,0.7703830258764895,0.5824431674947661,1
0.20931522627536947,0.15173865068692394,0.3922636554336575,0.9415209528657349,0
0.027161079596438098,0.46868961015678423,0.0484002842909419,0.8919417767200918,0
0.9162520411496566,0.11916121648924616,0.04615762602488427,0.5046336974148169,1
0.22643826260681055,0.4236865630568388,0.5091950790939621,0.27469352583419504,0
0.7366039539041582,0.37039816397517633,0.010386964926685449,0.24891132295487095,0
0.08475779846162035,0.13695262931493146,0.14633546433979228,0.9497876825313005,0
0.8779208906466529,0.22587467713150366,0.21636974763564087,0.2417357360839668,0
0.4572709154266408,0.9632239245825276,0.08590815685740782,0.22886306878744034,0
0.1432703308019092,0.730479600418557,0.9205775806155653,0.3772809543676868,1
0.28164360855735704,0.5717700622488684,0.07901080562738227,0.6254629189608915,1
0.2681739274161957,0.858298907932374,0.0752633388662497,0.19896829131320692,0
0.943780838789052,0.6124964404452005,0.33905775773473346,0.3564280042337816,1
0.8381047606786215,0.6784131363893516,0.4712194906259375,0.5295434340072401,0
0.3095670851890162,0.27001158918159907,0.8254605990165917,0.876398889504714,1
0.535262229530623,0.3865401859733846,0.11846038277309934,0.5925862358024457,1
0.22515670108629815,0.5453447003686983,0.11796621544971642,0.484594408168598,0
0.13682564569526157,0.6713424203911034,0.5680234344116741,0.8427594328872381,0
0.16038937859613722,0.3280570885974887,0.7335993754829573,0.16501235809353143,0
0.6141300515751771,0.41784161129455244,0.5311056699018308,0.9634955758018309,0
0.08366961368341974,0.633559156427204,0.6498461827156198,0.44742973767929384,1
0.03893107377382421,0.6542705764568563,0.1241672242432369,0.890275939407617,1
0.4075423182063541,0.05028233478017341,0.5579797270598654,0.7111739422773893,1
0.8985592715478519,0.10414799154611531,0.010036524666345747,0.03498041980773692,0
0.7402503646022583,0.1545103011021114,0.6795876240481032,0.11356143397263707,1
0.47375240832927756,0.4019718318313966,0.03230109009339499,0.4510048894590619,1
0.7199646194888675,0.15092112662976565,0.06596357932669528,0.8976761510275704,1
0.1739366721700063,0.7868084080743929,0.5860253805221923,0.49744651625887437,1
0.41002660544708125,0.426531566863778,0.007309530646328222,0.463737223192773,1
0.16696277284702188,0.6112507068927833,0.7401614189476241,0.1927288876253711,1
0.8191256965996035,0.10079291171614102,0.03302775125190216,0.9921852343387135,1
0.2491773605659947,0.8735993134060979,0.5263510384382288,0.005728154199835744,1
0.6036436729388414,0.48648052682713105,0.3767839744016749,0.4782838185530883,0
0.05928873665068324,0.3178133204218512,0.3537668480897248,0.47067209259571585,1
0.8748654356227938,0.01966380954895519,0.15543018090827787,0.601040955728196,1
0.49643752292971743,0.9219429044546844,0.7414502316733562,0.2997545181265009,1
0.5424302201312359,0.8996885439724592,0.5865567496645132,0.18992625318942624,0
0.20695350368542798,0.7644749521542527,0.4056990093129631,0.3806142617788181,0
0.9516874000816742,0.9364932726159921,0.07622415902201252,0.521456605256977,0
0.5643581634298531,0.046605619307641066,0.6664500579981397,0.978403669290344,0
0.44509545154308783,0.18209688034164784,0.4453463476084223,0.32055945670912445,1
0.21807334138774526,0.09639252939208742,0.3926789940785147,0.9697204263135144,0
0.8909728218889534,0.423583498313827,0.9545885267176112,0.7179702410302308,0
0.30464128877387286,0.5057629023697089,0.25182707497745993,0.6710609172423282,1
0.11481086370819116,0.06401062462943874,0.6285855753104325,0.45505326317615213,0
0.8807122423976315,0.7281423518326615,0.05379980774128923,0.7291666021280477,0
0.6813444791394065,0.41121544176581903,0.3909151462287376,0.38157917755771653,0
0.7329119534381873,0.535610978465288,0.1491116699883227,0.5617789670785006,0
0.25645269608812993,0.6916907475812272,0.8688589936161104,0.5899562404653165,0
0.44938820841083005,0.49776605760078574,0.2898544680509799,0.9607087983004974,0
0.9333130240095828,0.16046563988140905,0.9564449813582419,0.9114854017198156,0
0.500100822771283,0.15687941700844799,0.06446523325985465,0.9307962778917175,1
0.27969929624779066,0.042023742789206286,0.5549849712776048,0.6583980271903337,1
0.3631724975728694,0.8889212890056013,0.7119661270062171,0.5719234629949155,0
0.15205112657594133,0.15697396344985737,0.4712669058466634,0.19693468237980982,1
0.5876610160600796,0.257790186969174,0.5501720816880857,0.1386795655988169,1
0.09149963682395112,0.8995043194265488,0.03769174584193913,0.7534159115970237,1
0.148288871574056,0.8119454766344455,0.007434667411156282,0.7297627506352206,1
0.8050105641361218,0.7411261206062378,0.9797055582327844,0.6661037077379067,1
0.6642282839021171,0.21174889021638788,0.3063256201739182,0.6847759060335274,1
0.6522294227580582,0.13862520786489485,0.7846658518014192,0.3921933959214067,1
0.3894692271697626,0.6392129719940425,0.5751011395126734,0.4913179539262945,1
0.45880150943979836,0.16774579128742073,0.4895508387596337,0.8635329329869528,0
0.007972865822670538,0.6589585922271163,0.5128019207199849,0.6001844415496799,0
0.7632267993530562,0.8059408439609245,0.43372669859106716,0.8619976753259356,0
0.3094270722640533,0.4010845290000651,0.4892624337428124,0.46743715301390265,1
0.49759941586318124,0.9688812228972192,0.11754582359820864,0.20236667921762608,0
0.8174197775043551,0.7397066629779918,0.8949735416925877,0.057903406391876855,0
0.6715162842441234,0.5413589676189663,0.5562929829578935,0.6047763497904595,1
0.28576584773440716,0.58973073752458,0.9217860616421236,0.2657842686317117,1
0.7382631910426564,0.04124829564911159,0.9155188552111173,0.2220258345913123,1
0.5308218108681166,0.862937102120756,0.8417037552615271,0.32944505241644073,0
0.6909922356759967,0.2932892888695555,0.2707877035985724,0.840945353924055,1
0.6768860319094819,0.9985675427293955,0.5106724578540502,0.7770480872579986,1
0.021142977957654185,0.7429513703203875,0.6714788021459517,0.5209455756343067,0
0.8560136433471501,0.7726643713350788,0.3247601571615579,0.4629102430081816,1
0.3620743025442782,0.29185762803646986,0.9631827566653265,0.9204706288610665,1
0.03850521234953341,0.7297296843338283,0.32570464549245914,0.4441563347698082,0
0.11976974970153731,0.3087390581858792,0.6803038672257052,0.9697827909067936,1
0.6232819025668898,0.8472329561033255,0.9357890006275104,0.2199630494660062,0
0.6773963170771226,0.9359577699250166,0.09587167943015273,0.9240483569676187,0
0.3622772337062572,0.40434425229167914,0.7552195252730969,0.0748430144121558,0
0.004912184717535406,0.45984488694745407,0.4853257253515473,0.005503499456256389,1
0.5659303816213354,0.8310440099722461,0.3355772131603654,0.7954591022992259,0
0.19539687237747938,0.7346883996882194,0.8320588200287665,0.3737885484881156,1
0.48791251660454316,0.9951778405585878,0.4952785002731098,0.4242307518401175,0
0.7617970190268388,0.7993763585112997,0.9580519561611667,0.8222925546249708,1
0.9665135053783515,0.7905940319550901,0.360270512371469,0.9128422350072406,0
0.47322924700934954,0.4412881703333241,0.8139260527370281,0.9895014908743632,1
0.6859047318918079,0.4935960572648359,0.46997987772390437,0.6246389857683263,1
0.9279541177837233,0.4387885496824364,0.5986341637058268,0.26097063199944237,1
0.6551706855093417,0.3244556514404421,0.9882989763055698,0.7292131240974349,0
0.373006013151862,0.7485309835680545,0.26032940387426795,0.6192273329446144,1
0.6616739811095939,0.3817737811871431,0.7965256982173334,0.4575595909789022,1
0.820428495006476,0.5895376171401125,0.6328009085108173,0.32624463707756446,0
0.9580514082190047,0.5088115706774692,0.3168241285373541,0.5831766323867951,0
0.04162351444784851,0.7961715254955336,0.18093561570937433,0.3117337508925849,0
0.04580224926322107,0.010357006065022878,0.3634298169912582,0.011167289885083531,1
0.8388586260476933,0.5916246522392569,0.042391301582396346,0.5713037664063532,0
0.6529832115016722,0.4911175162202447,0.08163525919057846,0.8114568037520271,1
0.3497720613328339,0.005964652085046485,0.35100377956967,0.10057574103568367,1
0.7755997830988697,0.2686754724925935,0.6634339643984828,0.8327972106295419,0
0.41790045883765403,0.15959968092225285,0.6600534420017226,0.40914399306048976,0
0.25372200692414637,0.8032732922138529,0.5247869284593697,0.9763608070622697,0
0.5606367237572114,0.997725277356086,0.8845989547140507,0.38154166615786334,0
0.24201644917174847,0.32696559482617416,0.5698754874466252,0.8866246941324841,1
